<?xml version="1.0"?>
<opencv_storage>
<calibration_Time>"Tue 22 Jun 2021 11:31:48 AM +03"</calibration_Time>
<nrOfFrames>25</nrOfFrames>
<image_Width>640</image_Width>
<image_Height>480</image_Height>
<board_Width>9</board_Width>
<board_Height>6</board_Height>
<square_Size>50.</square_Size>
<FixAspectRatio>1.</FixAspectRatio>
<!-- flags:  +fix_aspectRatio +fix_principal_point +zero_tangent_dist -->
<flagValue>14</flagValue>
<Camera_Matrix type_id="opencv-matrix">
  <rows>3</rows>
  <cols>3</cols>
  <dt>d</dt>
  <data>
    6.0217072907678232e+02 0. 320. 0. 6.0217072907678232e+02 240. 0. 0.
    1.</data></Camera_Matrix>
<Distortion_Coefficients type_id="opencv-matrix">
  <rows>5</rows>
  <cols>1</cols>
  <dt>d</dt>
  <data>
    -6.5127383022154503e-03 8.0509663192242198e-01 0. 0.
    -2.9426288958057092e+00</data></Distortion_Coefficients>
<Avg_Reprojection_Error>1.4827988110440232e-01</Avg_Reprojection_Error>
<Per_View_Reprojection_Errors type_id="opencv-matrix">
  <rows>25</rows>
  <cols>1</cols>
  <dt>f</dt>
  <data>
    1.44996554e-01 1.30376577e-01 1.49642572e-01 1.45485058e-01
    1.46791577e-01 1.45434335e-01 1.35115430e-01 1.24383822e-01
    1.23315468e-01 1.46333873e-01 1.49983510e-01 1.37155309e-01
    1.69516236e-01 1.45616964e-01 1.43881768e-01 1.36436924e-01
    1.42900318e-01 1.42100707e-01 1.57395214e-01 1.37752786e-01
    1.25927687e-01 1.28184989e-01 1.64757058e-01 2.22660676e-01
    1.76373944e-01</data></Per_View_Reprojection_Errors>
<!-- a set of 6-tuples (rotation vector + translation vector) for each view -->
<Extrinsic_Parameters type_id="opencv-matrix">
  <rows>25</rows>
  <cols>6</cols>
  <dt>d</dt>
  <data>
    -3.3479534563845464e-01 1.0571466500052590e-01
    1.0848817985778629e-01 -5.3028316296747178e+01
    -1.5113697499992732e+01 1.0341031561743782e+03
    -3.3374542204804308e-01 1.1515221357599287e-01
    1.4570094905093031e-01 -2.4075260293083218e+01
    -4.6403726505597433e+01 1.0332195618410692e+03
    -2.4579772708649153e-01 -3.1409793584124213e-01
    -8.1060431294328189e-03 -1.7324972529922104e+02
    -1.4489836826762328e+02 9.4023768385825349e+02
    -2.2714860590789757e-01 -2.9012760871720400e-01
    1.4373596013939302e-02 -1.1833085442697482e+02
    -1.5980321512131175e+02 9.2675786539046373e+02
    -2.2790536504935191e-01 -2.8724347043400911e-01
    1.5897707685345409e-02 -1.1411373146241914e+02
    -1.6148049927429335e+02 9.2893261259784526e+02
    -2.0934469360642072e-01 -2.9499100898532638e-01
    -3.6833461705388079e-02 -1.1299553193328620e+02
    -1.2714176743441874e+02 9.1407067882174829e+02
    -1.3155163915065241e-01 -3.3501213331937002e-01
    -1.1853854274609743e-01 -1.5519445220211321e+02
    -9.0128201024353004e+01 8.6308331341001963e+02
    1.2299741550007476e-01 -2.1741269778340050e-01
    -1.1220797641208596e-01 -5.1574452252454599e+01
    5.6866923210075534e+01 9.2833285580095128e+02 4.4407370484051129e-01
    -2.5369424662396306e-01 -9.5879277114437819e-02
    -4.6044705236817201e+01 1.1479091097537268e+01
    7.8740435676957566e+02 4.3433007153942943e-01
    -2.5237027739583473e-01 -9.4529400623676887e-02
    -4.2545580009995795e+01 1.2095217188683852e+01
    7.8317097807081575e+02 4.4448293491658714e-01
    -2.5061626014759808e-01 -8.6681302908106037e-02
    -4.4966685900964094e+01 3.9897425388555936e+00
    7.7698920759179555e+02 4.4630713390076693e-01
    -2.5102495108313766e-01 -1.0340469724427828e-01
    -7.4624636100919147e+01 9.9980648188834493e+00
    7.6904681014713572e+02 -3.2881039613781859e-01
    1.2388499586617997e-01 1.2684969367230167e-01
    -4.1301857166639238e+01 -5.2040711733422661e+01
    1.0299840579278207e+03 4.6635006209920693e-01
    -9.4808228414152429e-02 6.4463945227520872e-02
    -7.3907583508295687e+01 -1.9277476738631066e+01
    8.2121342439105115e+02 4.7103445120707066e-01
    -8.8522351066250490e-02 5.0122554105614642e-02
    -6.4593569710165255e+01 -2.2150479197309735e+01
    8.2065334958713993e+02 4.8019465697068570e-01
    -9.4392392383498405e-02 2.9091039497027266e-02
    -9.5575268055648408e+01 -2.6507440466260093e+01
    8.1005892410367312e+02 4.8641908956218666e-01
    -1.0224958985874402e-01 1.8598423754045291e-02
    -1.2309316311258769e+02 -3.3520662001546157e+01
    8.0016082159464736e+02 4.8569725977131856e-01
    -1.0449776030981704e-01 -1.0200941452529894e-03
    -1.4957483411639160e+02 -2.3593639969370454e+01
    8.0135345196379819e+02 -3.2454121427920191e-01
    1.8675448407122767e-02 1.4994586222427556e-01
    -1.0772926778004100e+02 -8.2427109050041210e+01
    1.0160796582697936e+03 -3.2352317955428944e-01
    -2.3150001125822030e-02 1.4295922557958585e-01
    -1.3609849399289834e+02 -9.1160434044694412e+01
    1.0095734364347536e+03 -3.4628116315407159e-01
    -9.0595167053734590e-02 1.1381425262307208e-01
    -1.6405130869281012e+02 -6.7898448886139690e+01
    1.0147977419075112e+03 -3.5759189296299404e-01
    -8.7015684864402323e-02 1.2875508196007554e-01
    -1.4162282926198333e+02 -5.8039109320307126e+01
    1.0241144856323563e+03 -3.8439463907107235e-01
    -1.4687298244180405e-01 6.2055160998101620e-02
    -1.4324002137983788e+02 8.2447118794312608e+00
    1.0299289856590726e+03 -3.3133077204630595e-01
    -2.3113603853757583e-01 2.0998356769375604e-02
    -1.9321506249450761e+02 -9.3200636079589543e+01
    9.9720269017866178e+02 -2.5460653003528699e-01
    -3.1137191738173542e-01 -8.1843209537895284e-03
    -1.8528478839788858e+02 -1.2698099122984789e+02
    9.3944060344058630e+02</data></Extrinsic_Parameters>
