%YAML:1.0
---
mat: !!opencv-matrix
   rows: 3
   cols: 3
   dt: d
   data: [ 6.5633574144824969e-01, -3.5740708321640349e-02,
       -5.7440492637287252e+02, 3.3553009234573258e-02,
       6.6833392918130619e-01, 4.9884747631804277e+02,
       0, 0, 1. ]
