%YAML:1.0
---
mat: !!opencv-matrix
   rows: 3
   cols: 3
   dt: d
   data: [ 5.7439459619551536e-01, 2.0794714057191303e-02,
       3.5132312376144620e+02, -1.7119014849605312e-02,
       5.6295958293980219e-01, 7.3174171246218521e+02,
       -2.4029933012484075e-06, -1.0655441126174716e-05, 1. ]
